2016 01 04 01 22
2016 01 06 01 42
2016 01 14 14 56
2016 01 16 05 12
2016 01 17 08 50
2016 01 22 22 12
2016 01 26 19 59
2016 02 01 21 42
2016 02 05 16 52
2016 02 05 23 38
2016 02 06 08 35
2016 02 17 12 03
2016 02 18 23 14
2016 02 19 07 48
2016 02 23 18 15
2016 02 24 20 23
2016 03 05 08 16
2016 03 11 06 39
2016 03 14 03 59
2016 03 14 12 51
2016 03 16 00 47
2016 03 17 05 49
2016 03 20 05 50
2016 03 20 19 30
2016 04 02 04 17
2016 04 04 16 18
2016 04 06 00 05
2016 04 08 09 33
2016 04 14 04 55
2016 04 20 12 34
2016 04 28 06 42
2016 04 28 14 33
2016 04 28 14 47
2016 05 02 22 15
2016 05 04 20 54
2016 05 12 00 13
2016 06 03 19 27
2016 06 06 08 06
2016 06 10 07 22
2016 06 10 15 23
2016 06 12 19 57
2016 06 13 21 53
2016 06 15 04 19
2016 06 20 17 09
2016 06 20 17 09
2016 06 23 23 45
2016 07 01 05 13
2016 07 01 14 44
2016 07 03 11 42
2016 07 09 08 03
2016 07 12 21 26
2016 07 13 01 33
2016 07 13 06 09
2016 07 13 14 43
2016 08 05 17 06
2016 08 06 02 19
2016 08 08 12 44
2016 08 14 08 41
2016 08 22 23 29
2016 08 25 11 26
2016 08 26 02 18
2016 09 02 01 23
2016 09 09 14 53
2016 09 15 17 45
2016 09 16 14 39
2016 09 20 21 53
2016 09 27 14 06
2016 09 28 00 31
2016 10 04 12 28
2016 10 05 03 25
2016 10 07 21 23
2016 10 13 06 37
2016 10 14 20 08
2016 10 18 18 06
2016 10 25 21 07
2016 10 25 22 36
2016 10 26 04 32
2016 10 27 09 08
2016 11 02 12 35
2016 11 03 05 25
2016 11 03 06 18
2016 11 08 21 33
2016 11 12 20 45
2016 11 12 23 18
2016 11 13 20 30
2016 11 16 17 48
2016 11 23 21 20
2016 11 25 09 41
2016 11 26 07 39
2016 12 01 18 10
2016 12 02 10 22
2016 12 05 15 50
2016 12 11 07 23
2016 12 14 02 55
2016 12 16 01 42
2016 12 16 04 11
2016 12 23 17 22
2016 12 23 20 22
2016 12 24 23 45
2016 12 25 19 33
